,0,1
0,234.23576752168182,37.21656938351407
1,210.78422318401942,33.93805857753865
2,189.16675889023722,30.882470067661153
3,169.24627018193246,28.028496281965758
4,150.8971087514126,25.35860015122664
5,134.00434406225855,22.858731613664602
6,118.46286758670308,20.517860356180314
7,104.17644301144688,18.327432111954323
8,91.056769618569,16.280818301014538
9,79.02260026672629,14.372802078192247
10,67.99893724758394,12.599125083473968
11,57.916316736952595,10.956106244062758
12,48.710184088495446,9.440335276575276
13,40.320356711161104,8.04843791300945
14,32.690567901122456,6.776906460515871
15,25.76808315106587,5.621987462228661
16,19.503379678940686,4.579617480122497
17,13.84987986740489,3.6453980200165375
18,8.763729734695048,2.8146011043586396
19,4.203614284113465,2.0821977803049787
20,0.13060246919400953,1.4429027909967918
21,-3.4919845307994954,0.8912296385198504
22,-6.698687071988509,0.421551259519636
23,-9.52200727639682,0.028162473304412572
24,-11.9924993232868,-0.29465878089322217
25,-14.138852640360142,-0.5525936416363173
26,-15.987970177627801,-0.7512295268735043
27,-17.565043387302282,-0.8960133566142412
28,-18.89362506653307,-0.9922113608921412
29,-19.995700839428025,-1.044875675028047
30,-20.891759752058494,-1.058817643302275
31,-21.600864219660046,-1.0385875422346125
32,-22.140719389497427,-0.9884602853814028
33,-22.527741856583955,-0.912426572895388
34,-22.777127583982804,-0.8141888917753262
35,-22.90291882688403,-0.6971617483583676
36,-22.918069833079397,-0.5644755157778825
37,-22.834511085748737,-0.4189832994132585
38,-22.66321186250189,-0.2632702573908938
39,-22.414240903045954,-0.09966485645689982
40,-22.096825003168917,0.06974840761134171
41,-21.719405382112548,0.2431152443573188
42,-21.289691701641615,0.4187971250927287
43,-20.814713646522897,0.5953564780439198
44,-20.300870006467765,0.7715417905313711
45,-19.753975227988757,0.9462728415362363
46,-19.179303430510423,1.1186262468259538
47,-18.581629904118095,1.287821461704664
48,-17.96527012636669,1.453207353493816
49,-17.334116352615084,1.6142494269710816
50,-16.69167184846684,1.7705177610354745
51,-16.041082844274335,1.9216756935729107
52,-15.38516830049354,2.067469273596801
53,-14.726447579212898,2.207717484908555
54,-14.067166121672042,2.342303233452064
55,-13.409319234285059,2.471165080903308
56,-12.754674086839362,2.5942896995360156
57,-12.104790026396438,2.7117050177478825
58,-11.461037309172431,2.8234740215529124
59,-10.824614350550704,2.929689174598579
60,-10.196563590532088,3.030467417630634
61,-9.577786068532529,3.125945707610898
62,-8.969054797625052,3.216277056716814
63,-8.371027024219297,3.3016270320689056
64,-7.7842554548709355,3.3821706781117165
65,-7.2091985275168895,3.4580898250036047
66,-6.6462297999931454,3.5295707480577083
67,-6.0956465242854065,3.596802145141118
68,-5.5576774706304715,3.6599734009157148
69,-5.032490061360225,3.7192731088383773
70,-4.520196870303149,3.7748878238883146
71,-4.0208615396353835,3.827001021020277
72,-3.534504162333688,3.875792236323282
73,-3.0611061748266444,3.921436369784731
74,-2.6006148010809564,3.964103130390855
75,-2.152947086192645,4.003956606038351
76,-1.7179935545794809,4.041154942373247
77,-1.2956215250926082,4.075850116212179
78,-0.8856781127680424,4.1081877906354825
79,-0.4879929445240627,4.138307240170456
80,-0.10238061386665898,4.166341335711861
81,0.27135710241266686,4.192416579953763
82,0.6334292444876226,4.216653185141285
83,0.9840538674100312,4.239165185892455
84,1.3234564190409124,4.260060580698997
85,1.6518682818596169,4.279441496490779
86,1.969525463900581,4.29740437135168
87,2.276667425341717,4.314040151106447
88,2.573536028434802,4.3294344960667015
89,2.8603745995461676,4.34366799473367
90,3.13742709305329,4.356816381708073
91,3.4049373477445153,4.368950757463688
92,3.663148427193235,4.3801378080001285
93,3.9123020363282244,4.390440022707979
94,4.152638007110013,4.399915909059888
95,4.384393846853162,4.408620202989371
96,4.607804343303718,4.416604074033882
97,4.823101221110744,4.423915324508677
98,5.030512844801857,4.430598582143034
99,5.230263963813279,4.436695485751137
100,5.422575495520502,4.442244863634759
101,5.607664342577377,4.4472829045194615
102,5.785743241203772,4.451843320916334
103,5.9570206373615955,4.455957504877362
104,6.121700588033111,4.459654676176779
105,6.2799826850680915,4.462962023004628
106,6.43206199929202,4.465904835303006
107,6.5781290427756485,4.46850663091029
108,6.718369747358308,4.470789274709193
109,6.852965457685912,4.472773090995859
110,6.9820929371856995,4.474476969305068
111,7.105924385541126,4.475918463938455
112,7.224627466361786,4.477113887452624
113,7.338365343862172,4.47807839836746
114,7.447296727473097,4.478826083358521
115,7.551575923405819,4.479370034197217
116,7.6513528922830485,4.479722419699186
117,7.746773312030927,4.479894552938953
118,7.837978645300398,4.479896953982128
119,7.9251062107594095,4.479739408381843
120,8.008289257654894,4.4794310216772795
121,8.08765704310217,4.4789802701247865
122,8.163334911614465,4.478395047884334
123,8.235444376427468,4.477682710874204
124,8.304103202221762,4.4768501174986035
125,8.369425488883088,4.4759036664435925
126,8.43152175597698,4.474849331726973
127,8.490499027647136,4.473692695179973
128,8.546460917678278,4.472438976528042
129,8.5995077144878,4.471093061230479
130,8.649736465842242,4.469659526229447
131,8.697241063108851,4.468142663750549
132,8.742112324881678,4.466546503289199
133,8.78443807983239,4.464874831908733
134,8.824303248663238,4.463131212969856
135,8.861789925042173,4.461319003401983
136,8.896977455429397,4.459441369622063
137,8.929942517704381,4.45750130219814
138,8.96075919852313,4.455501629350428
139,8.989499069340534,4.453445029374256
140,9.016231261047931,4.451334042067015
141,9.0410225371797,4.449171079232239
142,9.063937365652938,4.446958434331639
143,9.08503798901318,4.444698291349603
144,9.104384493162366,4.442392732930998
145,9.122034874553883,4.4400437478485335
146,9.1380451058441,4.437653237851436
147,9.152469199994549,4.435223023945499
148,9.165359272822545,4.432754852147648
149,9.176765604003693,4.430250398758406
150,9.186736696531467,4.427711275190241
151,9.195319334644564,4.425139032388123
152,9.2025586402308,4.422535164874794
153,9.208498127725997,4.4199011144527445
154,9.21317975752103,4.417238273589522
155,9.216643987897378,4.414547988514337
156,9.218929825511477,4.411831562049177
157,9.220074874447885,4.409090256196804
158,9.220115383866686,4.406325294506649
159,9.219086294267155,4.403537864236968
160,9.217021282393569,4.400729118331654
161,9.213952804809075,4.397900177226712
162,9.209912140163183,4.395052130501581
163,9.204929430180698,4.392186038389451
164,9.199033719398923,4.389302933158213
165,9.192252993680754,4.386403820373978
166,9.184614217531097,4.383489680057315
167,9.176143370245748,4.380561467742557
168,9.166865480918212,4.377620115447947
169,9.156804662335519,4.374666532565732
170,9.14598414378815,4.371701606679019
171,9.134426302822636,4.368726204312127
172,9.122152695964957,4.365741171621041
173,9.109184088440868,4.3627473350294625
174,9.095540482920038,4.359745501815026
175,9.081241147312097,4.356736460651575
176,9.066304641638133,4.353720982110431
177,9.050748844006348,4.350699819125872
178,9.03459097571459,4.347673707427093
179,9.017847625508029,4.34464336594143
180,9.000534773012214,4.3416094971697206
181,8.982667811369774,4.338572787538802
182,8.96426156910204,4.335533907731634
183,8.945330331219193,4.332493512998484
184,8.925887859601719,4.32945224345042
185,8.905947412675605,4.3264107243373395
186,8.885521764402933,4.323369566312284
187,8.864623222608083,4.320329365682604
188,8.843263646661791,4.317290704650979
189,8.821454464541846,4.314254151545267
190,8.79920668929126,4.3112202610405905
191,8.776530934892765,4.308189574372916
192,8.753437431576888,4.305162619545557
193,8.729936040585034,4.302139911529968
194,8.70603626840181,4.299121952460378
195,8.681747280476149,4.296109231823775
196,8.65707791444736,4.293102226645748
197,9.735297832096869,4.842105114740222
198,9.596966445658154,4.782191750804458
199,9.467004976705853,4.726724032403308
200,9.344809028044308,4.67538990115153
201,9.229814914753506,4.627898197780369
202,9.121496989245086,4.583977302193829
203,9.019365141308759,4.5433738604801714
204,8.92296246152453,4.505851593383254
205,8.831863057218118,4.47119018108194
206,8.74567001088569,4.439184219448708
207,8.664013471702054,4.4096422432622155
208,8.586548871368135,4.382385812130977
209,8.512955256143542,4.357248655153
210,8.442933727463597,4.334075870584895
211,8.376205984046535,4.312723177029329
212,8.312512958877992,4.293056212867937
213,8.25161354489095,4.27494988087357
214,8.19328340357989,4.258287735128961
215,8.1373138511608,4.242961407559214
216,8.083510817249469,4.228870071555377
217,8.031693871358085,4.215919940325921
218,7.98169531282073,4.20402379776203
219,7.933359320042143,4.193100559741093
220,7.886541155236607,4.1830748639259525
221,7.841106421067945,4.173876686238664
222,7.7969303658413835,4.165440982303096
223,7.753897234107834,4.157707352258829
224,7.7118996597518255,4.150619727449916
225,7.670838098817651,4.1441260775861695
226,7.630620299510737,4.1381781370646795
227,7.5911608069705165,4.132731149221175
228,7.552380500573812,4.127743627359948
229,7.514206161664317,4.123177131483443
230,7.476570069743422,4.118996059711298
231,7.439409625284132,4.115167453443166
232,7.402666997444947,4.111660815378858
233,7.3662887950744915,4.108447939567302
234,7.330225759498272,4.1055027527063235
235,7.294432477678159,4.102801165967235
236,7.258867114422704,4.10032093666219
237,7.2234911624148035,4.098041539117965
238,7.188269208898373,4.095944044158209
239,7.153168717943682,4.094011006636533
240,7.118159827276289,4.092226360495895
241,7.083215158725237,4.090575320867001
242,7.0483096413993325,4.089044292744568
243,7.013420346764449,4.087620785815205
244,6.978526334844007,4.0862933350335
245,6.94360851081524,4.085051426571441
246,6.908649491322425,4.083885428789857
247,6.873633479868063,4.08278652790164
248,6.838546150688931,4.081746668020155
249,6.803374540558566,4.080758495303858
250,6.768106947994569,4.0798153059280615
251,6.732732839383038,4.078910997630954
252,6.697242761564598,4.0780400245991775
253,6.661628260453467,4.077197355470579
254,6.6258818052918445,4.0763784342491345
255,6.589996718164714,4.075579143938253
256,6.553967108426634,4.07479577271147
257,6.517787811713599,4.074024982452827
258,6.481454333233505,4.073263779507735
259,6.444962795049754,4.072509487496643
260,6.408309887093059,4.071759722054946
261,6.371492821646333,4.071012367367808
262,6.334509291075893,4.0702655543808195
263,6.297357428584059,4.0695176405727995
264,6.260035771784293,4.068767191185852
265,6.222543228903635,4.068012961813041
266,6.184879047438833,4.0672538822533
267,6.1470427850945555,4.0664890415454025
268,6.109034282852066,4.065717674102375
269,6.070853640020237,4.0649391468696505
270,6.032501191135314,4.064152947438375
271,5.993977484579176,4.063358673046276
272,5.955283262801512,4.062556020407108
273,5.916419444031874,4.061744776309321
274,5.877387105380148,4.060924808932154
275,5.838187467227954,4.060096059828253
276,5.7988218788209505,4.0592585365267695
277,5.759291804978803,4.058412305713351
278,5.7195988138428735,4.057557486946276
279,5.6797445655892576,4.056694246871325
280,5.639730802039013,4.055822793899393
281,5.599559337100822,4.054943373314648
282,5.559232047987504,4.054056262781688
283,5.518750867150562,4.053161768224037
284,5.478117774881049,4.0522602200460165
285,5.437334792528287,4.051351969674245
286,5.396403976291944,4.0504373863948135
287,5.355327411545246,4.049516854464406
288,5.314107207650959,4.048590770476254
289,5.2727454932316205,4.047659540960277
290,5.231244411863503,4.0467235802018
291,5.18960611816019,4.045783308261365
292,5.147832774216927,4.044839149180747
293,5.105926546389504,4.0438915293612965
294,5.06388960238033,4.042940876100899
295,5.021724108610152,4.041987616278029
296,4.97943222785184,4.0410321751709715
297,4.93701611710628,4.040074975401702
298,4.894477925701977,4.039116435994973
299,4.851819793598933,4.038156971542798
300,4.809043849883102,4.037196991466572
301,4.766152211433275,4.0362368993681965
302,4.723146981748049,4.035277092463561
303,4.680030249919666,4.034317961091246
304,4.636804089741218,4.033359888289886
305,4.593470558937977,4.032403249438856
306,4.550031698509884,4.031448411956591
307,4.506489532177702,4.0304957350513115
308,4.462846065922857,4.029545569520057
309,4.419103287611907,4.02859825759088
310,4.375263166700284,4.0276541328053925
311,4.331327654003829,4.026713519936011
312,4.287298681538109,4.0257767349375735
313,4.243178162411771,4.024844084926191
314,4.198967990774833,4.023915868186508
315,4.154670041812872,4.022992374201377
316,4.110286171782978,4.022073883703247
317,4.065818218088805,4.021160668744808
318,4.021267999388541,4.020252992786003
319,3.9766373157327894,4.019351110796537
320,3.931927948729057,4.01845526937087
321,3.8871416617304577,4.017565706855354
322,3.8422802000432896,4.016682653484971
323,3.7973452911537753,4.015806331528854
324,3.7523386449697904,4.014936955443298
325,3.7072619540748732,4.01407473203057
326,3.662116893995078,4.013219860603337
327,3.616905123472616,4.012372533152855
328,3.571628284749453,4.01153293452097
329,3.5262880038548166,4.010701242573943
330,3.480885890898445,4.009877628378655
331,3.4354235403668945,4.009062256379894
332,3.389902531421135,4.008255284577468
333,3.344324428196331,4.007456864704386
334,3.2986907801008076,4.006667142403396
335,3.2530031221147424,4.005886257403801
336,3.207262975086754,4.005114343695745
337,3.1614718460291407,4.004351529703637
338,3.1156312284096015,4.003597938457516
339,3.069742602439516,4.002853687761665
340,3.0238074353593283,4.0021188903614755
341,2.977827181717809,4.001393654106864
342,2.931803283648883,4.000678082113346
343,2.885737171142039,3.999972272919908
344,2.8396302623073626,3.9992763206435016
345,2.793483963636677,3.99859031513063
346,2.7472996702569343,3.9979143421053167
347,2.701078766179246,3.9972484833136757
348,2.6548226245414455,3.9965928166648643
349,2.608532607844446,3.9959474163687103
350,2.5622100681829796,3.9953123530696892
351,2.5158563474691116,3.994687693976985
352,2.4694727776503616,3.994073502991268
353,2.423060680921921,3.993469840828033
354,2.3766213699310956,3.9928767651368178
355,2.330156147977,3.9922943306172414
356,2.283666309203264,3.9917225891311947
357,2.237153138784603,3.9911615898119215
358,2.190617913108135,3.9906113791693114
359,2.144061899946531,3.990072001191512
360,2.0974863586281387,3.9895434974439286
361,2.050892540198396,3.9890259071640815
362,2.0042816875772793,3.9885192673534844
363,1.9576550357099773,3.9880236128665714
364,1.9110138117125643,3.987538976495843
365,1.8643592350121605,3.9870653890547296
366,1.817692517480325,3.9866028794563984
367,1.7710148635633574,3.9861514747904048
368,1.724327470405555,3.9857112003963167
369,1.6776315279678136,3.9852820799339788
370,1.6309282191418535,3.984864135451578
371,1.5842187198587285,3.9844573874507487
372,1.5375041991930232,3.9840618549490476
373,1.4907858194619878,3.983677555539787
374,1.4440647363211,3.983304505449694
375,1.3973420988533496,3.982942719593627
376,1.35061904965622,3.982592211627299
377,1.3038967249230309,3.9822529939975504
378,1.257176254520802,3.9819250779905877
379,1.2104587620638656,3.9816084737775745
380,1.1637453649837615,3.981303190458696
381,1.1170371745949534,3.981009236104708
382,1.0703352961573187,3.980726617796714
383,1.0236408289349224,3.980455341664154
384,0.9769548662512704,3.980195412920667
385,0.9302784955402822,3.9799468358981236
386,0.8836127983958838,3.9797096140790993
387,0.8369588506164654,3.979483750127774
388,0.7903177222475097,3.9792692459187387
389,0.743690477620317,3.979066102564635
390,0.6970781753884352,3.978874320442067
391,0.650481868560781,3.978693899216002
392,0.6039026045323095,3.978524837862973
393,0.5573414251115851,3.9783671346925775
394,0.5107993665460817,3.978220787367711
395,0.46427745954527144,3.97808579292391
396,0.4177767292999771,3.977962147786836
397,0.371298195500265,3.9778498477886477
398,0.3248428723520292,3.9777488881840934
399,0.27841176858845984,3.9776592636640786
400,0.2320058874822174,3.977580968369127
401,0.1856262268542565,3.9775139959015693
402,0.13927377907956218,3.9774583393366507
403,0.09294953109303361,3.9774139912325306
404,0.04665446439197041,3.977380943639699
405,0.0003895550366965206,3.9773591881092645
406,-0.045844226350150175,3.977348715700296
407,-0.09204591458637046,3.9773495169863824
408,-0.13821454993455284,3.977361582061681
409,-0.18434917810843332,3.977384900545491
410,-0.2304488502806471,3.9774194615870258
411,-0.2765126230917857,3.97746525386837
412,-0.32253955866214223,3.977522265607805
413,-0.36852872460319297,3.9775904845615475
414,-0.41447919403210265,3.9776698980255727
415,-0.46039004558687546,3.977760492836163
416,-0.5062603634435318,3.9778622553703613
417,-0.5520892373334323,3.9779751715456375
418,-0.5978757625631718,3.978099226818975
419,-0.6436190400352414,3.978234406185259
420,-0.6893181762699985,3.9783806941757236
421,-0.7349722834284299,3.97853807485504
422,-0.7805804793369697,3.97870653181857
423,-0.8261418875128891,3.978886048189018
424,-0.8716556371905627,3.9790766066125074
425,-0.9171208633497419,3.9792781892540443
426,-0.9625367067436724,3.9794907777930835
427,-1.0079023139293324,3.9797143534183723
428,-1.0532168372983166,3.97994889682212
429,-1.0984794351086262,3.980194388194325
430,-1.1436892715169502,3.9804508072164837
431,-1.1888455166129626,3.980718133054826
432,-1.2339473464542112,3.9809963443533274
433,-1.27899394310093,3.9812854192265017
434,-1.323984494653185,3.9815853352516526
435,-1.3689181952877647,3.9818960694608934
436,-1.4137942452962333,3.982217598332951
437,-1.458611851124884,3.9825498977846077
438,-1.5033702254130592,3.9828929431617928
439,-1.5480685870349227,3.983246709230415
440,-1.592706161140244,3.983611170167059
441,-1.6372821791968015,3.9839862995494792
442,-1.6817958790329341,3.9843720703461223
443,-1.72624650488158,3.9847684549067934
444,-1.7706333074239722,3.985175424951368
445,-1.8149555438352092,3.9855929515599713
446,-1.8592124778294208,3.98602100516155
447,-1.9034033797067844,3.986459555522854
448,-1.9475275263996523,3.9869085717374384
449,-1.9915842015210103,3.98736802221383
450,-2.035572695412059,3.9878378746638146
451,-2.0794923051918914,3.988318096090643
452,-2.123342334806084,3.988808652776768
453,-2.167122095077566,3.9893095102715
454,-2.2108309037568086,3.989820633378529
455,-2.2544680855733334,3.990341986143116
456,-2.2980329722871002,3.990873531839306
457,-2.3415249027412246,3.9914152329567822
458,-2.384943222915118,3.991967051187352
459,-2.428287285977014,3.9925289474119303
460,-2.471556452338695,3.9931008816863702
461,-2.514750089709606,3.9936828132282356
462,-2.557867573151614,3.9942747004021713
463,-2.6009082851344374,3.9948765007064106
464,-2.6438716155918787,3.9954881707579615
465,-2.686756961977135,3.9961096662782394
466,-2.729563729320918,3.996740942078667
467,-2.7722913302875223,3.997381952045404
468,-2.8149391852325576,3.9980326491248226
469,-2.8575067222620127,3.998692985307845
470,-2.8999933772889257,3.9993629116153837
471,-2.942398594093553,4.0000423780820284
472,-2.9847218243821683,4.000731333741099
473,-3.026962527845834,4.001429726608582
474,-3.0691201722211345,4.002137503667345
475,-3.1111942333503038,4.002854610850831
476,-3.153184195241356,4.003580993026959
477,-3.1950895501288166,4.004316593981907
478,-3.2369097985352857,4.005061356403324
479,-3.2786444493328526,4.005815221863631
480,-3.320293019803545,4.006578130803651
481,-3.3618550357031256,4.007350022514869
482,-3.4033300313216124,4.008130835123041
483,-3.4447175495461333,4.008920505570438
484,-3.486017141923469,4.009718969598706
485,-3.5272283687228216,4.010526161731114
486,-3.568350798998508,4.011342015255017
487,-3.609384010652964,4.012166462203924
488,-3.6503275904995283,4.012999433339452
489,-3.6911811343263876,4.01384085813337
490,-3.7319442469588284,4.014690664749275
491,-3.772616542323551,4.015548780024084
492,-3.8131976435107116,4.016415129449843
493,-3.8536871828389514,4.017289637154471
494,-3.8940848019172623,4.018172225883689
495,-3.934390151708648,4.019062816981669
496,-3.974602892593974,4.019961330371865
497,-4.014722694433832,4.020867684538398
498,-4.054749236632421,4.021781796506213
499,-4.094682208200067,4.0227035818220775
500,-4.134521307815701,4.023632954534833
501,-4.174266243889373,4.024569827175755
502,-4.213916734623798,4.025514110739099
503,-4.253472508077095,4.026465714661935
504,-4.292933302223235,4.027424546804342
505,-4.332298865013721,4.0283905134296
506,-4.371568954438013,4.029363519183492
507,-4.410743338583393,4.030343467074897
508,-4.449821795695472,4.031330258454632
509,-4.488804114236285,4.032323792995772
510,-4.527690092943639,4.033323968672734
511,-4.5664795408883,4.034330681741261
512,-4.605172277531545,4.035343826717411
513,-4.643768132781595,4.036363296357093
514,-4.682266947048714,4.037388981635545
515,-4.720668571300613,4.038420771726454
516,-4.758972867116018,4.039458553981334
517,-4.797179706736974,4.040502213908772
518,-4.8352889731210755,4.041551635153642
519,-4.873300559991801,4.042606699476488
520,-4.911214371888292,4.043667286732649
521,-4.949030324213035,4.044733274851398
522,-4.9867483432790625,4.045804539815614
523,-5.024368366354574,4.046880955640906
524,-5.061890341707745,4.047962394355087
525,-5.099314228647974,4.04904872597751
526,-5.136639997567684,4.05013981849882
527,-5.1738676299794175,4.051235537860616
528,-5.2109971185543555,4.052335747934971
529,-5.248028467156046,4.053440310504592
530,-5.28496169087407,4.054549085242781
531,-5.32179681605343,4.055661929693704
532,-5.3585338803248375,4.056778699252577
533,-5.395172932628826,4.057899247146374
534,-5.431714033239712,4.059023424414876
535,-5.468157253786851,4.06015107989122
536,-5.504502677271876,4.061282060183552
537,-5.540750398083358,4.062416209656768
538,-5.576900522009581,4.063553370414053
539,-5.612953166246846,4.0646933822793825
540,-5.648908459404458,4.065836082780014
541,-5.684766541506895,4.066981307129594
542,-5.720527563991436,4.0681288882116835
543,-5.756191689702698,4.069278656563333
544,-5.791759092882737,4.070430440359626
545,-5.827229959157018,4.071584065398863
546,-5.8626044855154475,4.072739355087448
547,-5.897882880290233,4.073896130426103
548,-5.933065363126801,4.075054209996775
549,-5.9681521649518325,4.076213409949867
550,-6.003143527935032,4.07737354399169
551,-6.0380397054446515,4.078534423374261
552,-6.07284096199901,4.079695856883862
553,-6.107547573211126,4.080857650832002
554,-6.14215982572685,4.082019609046477
555,-6.176678017156945,4.083181532863758
556,-6.211102456003248,4.084343221121997
557,-6.245433461575782,4.0855044701555085
558,-6.279671363905031,4.086665073789756
559,-6.3138165036441665,4.087824823338299
560,-6.34786923196569,4.088983507600142
561,-6.381829910448364,4.090140912858714
562,-6.4156989109556015,4.0912968228828275
563,-6.449476615505884,4.092451018927581
564,-6.483163416133317,4.093603279737995
565,-6.516759714738039,4.0947533815541135
566,-6.550265922928203,4.095901098116808
567,-6.583682461849495,4.097046200676588
568,-6.617009762005661,4.09818845800311
569,-6.6502482630669,4.099327636396971
570,-6.6833984136667315,4.100463499704025
571,-6.7164606711867245,4.1015958093305
572,-6.749435501528712,4.102724324261754
573,-6.782323378874287,4.103848801082045
574,-6.815124785429912,4.104968993997395
575,-6.847840211159071,4.106084654860554
576,-6.880470153498853,4.107195533198703
577,-6.913015117061945,4.108301376244
578,-6.945475613322797,4.1094019289664505
579,-6.977852160287554,4.11049693411029
580,-7.010145282147009,4.111586132232548
581,-7.042355508912328,4.11266926174601
582,-7.074483376032377,4.113746058964676
583,-7.106529423992365,4.114816258152294
584,-7.138494197892773,4.115879591575756
585,-7.170378247008931,4.116935789561016
586,-7.202182124328348,4.1179845805536015
587,-7.233906386068214,4.119025691182805
588,-7.265551591169062,4.120058846330216
589,-7.2971183007654545,4.12108376920307
590,-7.328607077633111,4.122100181411122
591,-7.3600184856120325,4.123107803049161
592,-7.391353089001543,4.124106352784217
593,-7.422611451931583,4.1250955479476845
594,-7.453794137704308,4.126075104632758
595,-7.484901708108698,4.127044737797857
596,-7.5159347227055076,4.12800416137469
597,-7.546893738081302,4.128953088383563
598,-7.577779307072401,4.129891231053511
599,-7.608591977954495,4.130818300950402
600,-7.6393322936012344,4.131734009109586
601,-7.670000790606162,4.132638066177156
602,-7.700597998370579,4.133530182557267
603,-7.7311244381533735,4.13441006856722
604,-7.7615806220842645,4.135277434599851
605,-7.791967052135922,4.136131991294033
606,-7.822284219057929,4.136973449712981
607,-7.852532601267807,4.137801521531177
608,-7.882712663698488,4.138615919229919
609,-7.912824856603427,4.139416356301626
610,-7.942869614314068,4.140202547463586
611,-7.972847353951716,4.140974208881119
612,-8.002758474090829,4.141731058400789
613,-8.032603353370888,4.142472815793636
614,-8.062382349060153,4.14319920300853
615,-8.09209579556321,4.143909944437121
616,-8.121744002876213,4.1446047671896284
617,-8.151327254986379,4.14528340138117
618,-8.18084580821271,4.14594558043163
619,-8.210299889489445,4.146591041376142
620,-8.23968969458701,4.1472195251891995
621,-8.2690153862727,4.1478307771206975
622,-8.298277092406147,4.148424547045735
623,-8.327474903969453,4.14900058982825
624,-8.356608873030385,4.149558665698011
625,-8.385679010635982,4.150098540642505
626,-8.414685284636557,4.150619986812914
627,-8.443627617435785,4.151122782945666
628,-8.47250588366822,4.15160671479968
629,-8.501319907798603,4.1520715756085504
630,-8.530069461646294,4.152517166549859
631,-8.558754261827998,4.152943297230636
632,-8.58737396711974,4.15334978618984
633,-8.615928175736627,4.153736461418454
634,-8.64441642252687,4.154103160896774
635,-8.672838176079713,4.1544497331504955
636,-8.701192835745,4.154776037824604
637,-8.729479728563641,4.155081946276307
638,-8.75769810610456,4.155367342187546
639,-8.785847141210514,4.15563212219609
640,-8.813925924647517,4.155876196547227
641,-8.841933461658588,4.156099489765774
642,-8.869868668419452,4.156301941347098
643,-8.897730368394882,4.156483506470662
644,-8.925517288593351,4.156644156733595
645,-8.953228055721368,4.156783880905474
646,-8.980861192232581,4.156902685704786
647,-9.008415112273866,4.157000596597102
648,-9.035888117524653,4.157077658615096
649,-9.063278392930371,4.157133937200549
650,-9.090584002328725,4.15716951906802
651,-9.117802883967808,4.157184513091546
652,-9.144932845914795,4.157179051212751
653,-9.171971561356774,4.157153289372152
654,-9.19891656379195,4.157107408461965
655,-9.225765242111269,4.157041615300722
656,-9.252514835571594,4.156956143631336
657,-9.279162428658854,4.156851255139127
658,-9.305704945844301,4.156727240493229
659,-9.33213914623195,4.156584420408078
660,-9.358461618101279,4.156423146726259
661,-9.38466877334303,4.156243803521798
662,-9.410756841792766,4.156046808223456
663,-9.436721865462845,4.155832612757687
664,-9.46255969267371,4.155601704709856
665,-9.48826597209117,4.155354608503531
666,-9.51383614666684,4.155091886597788
667,-9.539265447490658,4.154814140699317
668,-9.56454888755535,4.154522012990854
669,-9.58968125543941,4.154216187373083
670,-9.614657108911164,4.153897390719481
671,-9.639470768461551,4.15356639414278
672,-9.66411631076877,4.153224014270686
673,-9.688587562102704,4.152871114530403
674,-9.712878091674373,4.152508606439935
675,-9.736981204939564,4.152137450903074
676,-9.760889936862391,4.151758659507761
677,-9.78459704514875,4.151373295824498
678,-9.808095003458748,4.150982476702628
679,-9.83137599460622,4.1505873735626615
680,-9.854431903758146,4.150189213680745
681,-9.877254311644304,4.149789281463783
682,-9.8998344877882,4.1493889197106
683,-9.922163383773375,4.148989530857728
684,-9.944231626557675,4.14859257820516
685,-9.966029511850328,4.148199587118583
686,-9.98754699756685,4.147812146205068
687,-10.008773697377956,4.14743190845736
688,-10.029698874368787,4.147060592362863
689,-10.050311434827158,4.146699982973559
690,-10.070599922178829,4.146351932930977
691,-10.090552511089333,4.146018363442862
692,-10.110157001752839,4.145701265205653
693,-10.129400814391657,4.145402699266696
694,-10.148270983983966,4.145124797824059
695,-10.166754155248592,4.14486976495368
696,-10.184836577907172,4.144639877261447
697,-10.202504102250423,4.144437484453661
698,-10.219742175035233,4.1442650098180716
699,-10.236535835737456,4.144124950610453
700,-10.252869713190906,4.144019878340486
701,-10.268728022640168,4.143952438947755
702,-10.284094563235522,4.143925352864844
703,-10.298952716002528,4.1439414149564415
704,-10.313285442317348,4.1440034943299215
705,-10.3270752829174,4.144114534008757
706,-10.340304357482054,4.144277550461803
707,-10.352954364816677,4.144495632981367
708,-10.3650065836719,4.14477194290075
709,-10.376441874233741,4.145109712645679
710,-10.38724068031906,4.1455122446109955
711,-10.39738303231025,4.145982909854142
712,-10.406848550865606,4.1465251465996005
713,-10.415616451438286,4.147142458545083
714,-10.423665549642468,4.147838412962544
715,-10.43097426749712,4.148616638587227
716,-10.437520640585948,4.149480823286676
717,-10.443282326166152,4.150434711503092
718,-10.44823661225916,4.151482101461569
719,-10.452360427757345,4.152626842140034
720,-10.455630353577194,4.15387282999156
721,-10.458022634893156,4.155224005415285
722,-10.459513194477088,4.156684348970479
723,-10.460077647176199,4.158257877327952
724,-10.459691315552801,4.159948638956079
725,-10.458329246713335,4.161760709534439
726,-10.45596623034703,4.1636981870965215
727,-10.45257681799676,4.165765186894722
728,-10.44813534357792,4.167965835988963
729,-10.442615945164132,4.170304267555159
730,-10.435992588048872,4.172784614916253
731,-10.428239089093944,4.175411005294697
732,-10.41932914236996,4.178187553288218
733,-10.409236346093966,4.181118354072318
734,-10.397934230858443,4.184207476332783
735,-10.385396289149655,4.187458954933104
736,-10.371596006145019,4.190876783322571
737,-10.356506891775208,4.194464905692394
738,-10.340102514032573,4.198227208888162
739,-10.322356533501612,4.202167514088739
740,-10.30324273908498,4.206289568261127
741,-10.282735084890462,4.2105970354056526
742,-10.260807728240438,4.215093487602534
743,-10.237435068759243,4.219782395877147
744,-10.212591788490936,4.224667120898527
745,-10.186252892988541,4.22975090353001
746,-10.158393753319611,4.235036855249771
747,-10.128990148916676,4.240527948462751
748,-10.098018311203322,4.2462270067257775
749,-10.065454967918086,4.252136694906977
750,-10.031277388053109,4.258259509307003
751,-9.995463427319041,4.26459776776426
752,-9.957991574040477,4.271153599773915
753,-9.918840995386553,4.277928936646113
754,-9.877991583829303,4.284925501733524
755,-9.835424003722864,4.292144800757755
756,-9.791119737887822,4.2995881122667114
757,-9.745061134085924,4.307256478251544
758,-9.697231451261988,4.315150694958432
759,-9.64761490542656,4.323271303926697
760,-9.596196715053456,4.331618583286173
761,-9.54296314585855,4.340192539348463
762,-9.487901554829225,4.348992898525185
763,-9.431000433365172,4.358019099607335
764,-9.372249449397785,4.367270286438587
765,-9.311639488348439,4.3767453010179445
766,-9.249162692788314,4.386442677063161
767,-9.184812500663517,4.396360634067163
768,-9.11858368194799,4.406497071880385
769,-9.050472373589805,4.416849565849269
770,-8.980476112617477,4.4274153625405095
771,-8.908593867279965,4.438191376079183
772,-8.834826066088649,4.449174185128335
773,-8.759174624643677,4.460360030534871
774,-8.681642970123953,4.47174481366645
775,-8.602236063332287,4.483324095459337
776,-8.520960418185558,4.4950930961990725
777,-8.437824118551763,4.5070466960490645
778,-8.352836832342946,4.519179436345734
779,-8.266009822776661,4.531485521668399
780,-8.177355956730045,4.543958822698148
781,-8.08688971011991,4.556592879870985
782,-7.994627170245636,4.569380907831435
783,-7.900586035050694,4.582315800686323
784,-7.8047856092583725,4.59539013806097
785,-7.707246797354101,4.608596191951215
786,-7.6079920933946195,4.621925934365701
787,-7.507045567636183,4.635371045748983
788,-7.404432849982568,4.648922924171322
789,-7.30018111026453,4.662572695271369
790,-7.194319035379163,4.6763112229311865
791,-7.086876803318099,4.690129120663926
792,-6.977886054134094,4.704016763687852
793,-6.867379857899052,4.71796430166241
794,-6.755392679722342,4.731961672054318
795,-6.641960341905067,4.745998614102225
796,-6.527119983317099,4.760064683346508
797,-6.4109100160920045,4.77414926668585
798,-6.293370079747795,4.7882415979239825
799,-6.1745409928451895,4.802330773762827
800,-6.054464702307502,4.816405770202402
801,-5.933184230529007,4.830455459302849
802,-5.810743620415165,4.844468626261076
803,-5.687187878491711,4.858433986759287
804,-5.5625629162356836,4.872340204533634
805,-5.436915489783178,4.886175909119139
806,-5.310293138172386,4.899929713718012
807,-5.182744120285358,4.913590233145348
808,-5.0543173506554515,4.927146101801028
809,-4.925062334307215,4.940585991620426
810,-4.795029100804006,4.9538986299532155
811,-4.664268137668373,4.967072817323357
812,-4.532830323352277,4.980097445022931
813,-4.400766859926236,4.992961512491757
814,-4.268129205657716,5.005654144438478
815,-4.134969007647918,5.0181646076590685
816,-4.00133803469292,5.030482327507963
817,-3.8672881105315366,5.042596903983942
818,-3.732871047639478,5.054498127387926
819,-3.59813858172721,5.066175993517031
820,-3.463142307087093,5.077620718359537
821,-3.327933612939217,5.088822752256427
822,-3.192563620914894,5.09977279349872
823,-3.0570831238079275,5.110461801331575
824,-2.92154252572481,5.12088100833962
825,-2.7859917837507995,5.1310219321880215
826,-2.650480351245138,5.140876386699026
827,-2.515057122872798,5.150436492244101
828,-2.3797703814683917,5.15969468543589
829,-2.244667746821985,5.168643728106016
830,-2.1097961264713887,5.177276715556353
831,-1.9752016685732081,5.185587084076612
832,-1.8409297169185548,5.193568617720904
833,-1.7070247681527055,5.201215454338437
834,-1.5735304312461493,5.208522090859878
835,-1.4404893892642185,5.2154833878364375
836,-1.3079433634617037,5.222094573237978
837,-1.175933079736262,5.228351245513344
838,-1.0444982374541798,5.234249375922418
839,-0.9136774806626333,5.239785310146512
840,-0.7835083716918954,5.244955769191366
841,-0.6540273671432413,5.249757849594866
842,-0.5252697962562118,5.254189022953431
843,-0.39726984163400214,5.258247134785117
844,-0.27006052231254385,5.261930402746595
845,-0.14367367913677298,5.265237414223983
846,-0.01813996241686322,5.268167123317223
847,0.10651117817783584,5.270718847240441
848,0.23025150152805463,5.272892262162321
849,0.3530539808283992,5.274687398506957
850,0.4748928072541747,5.27610463574246
851,0.5957433915919585,5.2771446966829
852,0.7155823638883569,5.277808641325683
853,0.8343875711844069,5.278097860255132
854,0.9521380733991792,5.278014067635349
855,1.0688141374295652,5.27755929382009
856,1.1843972295397247,5.276735877608147
857,1.2988700061089233,5.275546458168295
858,1.412216302813412,5.273993966662445
859,1.524421122317691,5.272081617594693
860,1.635470620547034,5.26981289990936
861,1.7453520916242287,5.267191567868128
862,1.8540539515408954,5.264221631729336
863,1.9615657206438541,5.2609073482564295
864,2.0678780050130765,5.2572532110790675
865,2.1729824768056414,5.253263940932873
866,2.276871853643674,5.248944475800114
867,2.3795398771207483,5.244299960974195
868,2.480981290498918,5.23933573907288
869,2.5811918156720304,5.234057340017598
870,2.680168129465398,5.228470471003561
871,2.7779078393414203,5.222581006478904
872,2.8744094585812863,5.216394978151438
873,2.9696723810071717,5.209918565043195
874,3.063696855311963,5.2031580836083835
875,3.1564839590587357,5.196119977932838
876,3.2480355724102026,5.188810810029489
877,3.3383543516472276,5.181237250245483
878,3.427443702534562,5.173406067794552
879,3.5153077535859305,5.165324121428119
880,3.6019513292821483,5.156998350256029
881,3.6873799232916045,5.148435764730247
882,3.771599671741469,5.139643437799931
883,3.8546173265835275,5.1306284962491056
884,3.93644022909973,5.1213981122245436
885,4.0170762835847595,5.1119594949622424
886,4.096533931247954,5.102319882720321
887,4.174822124368107,5.092486534922918
888,4.25195030073505,5.082466724522759
889,4.327928358410887,5.072267730585972
890,4.402766630838458,5.061896831103929
891,4.476475862326505,5.051361296035077
892,4.549067183934564,5.040668380580337
893,4.6205520897812065,5.029825318693836
894,4.690942413797441,5.018839316830132
895,4.760250306943654,5.007717547930321
896,4.828488214907864,4.9964671456463385
897,4.895668856298758,4.985095198803263
898,4.961805201350703,4.973608746100766
899,5.026910451148168,4.962014771050537
900,5.090998017383907,4.950320197149961
901,5.1540815026567905,4.938531883289333
902,5.216174681316771,4.926656619391123
903,5.277291480864612,4.914701122277271
904,5.337445963908301,4.902672031763909
905,5.396652310679947,4.8905759069779435
906,5.454924802115988,4.878419222893805
907,5.512277803499774,4.8662083670853296
908,5.5687257486664485,4.85394963668984
909,5.6242831247697085,4.841649235579357
910,5.678964457605257,4.829313271735106
911,5.732784297490438,4.816947754821096
912,5.785757205693747,4.804558593950221
913,5.83789774140986,4.792151595640741
914,5.889220449273523,4.779732461956416
915,5.9397398474068,4.767306788824949
916,5.989470415991384,4.754880064531476
917,6.038426586359435,4.74245766838006
918,6.086622730592199,4.730044869518187
919,6.134073151620875,4.717646825920749
920,6.180792073817438,4.705268583525104
921,6.226793634067811,4.692915075515568
922,6.272091873316423,4.6805911217484315
923,6.316700728571496,4.668301428315232
924,6.360634025361675,4.65605058723688
925,6.403905470632027,4.6438430762846306
926,6.446528646069818,4.631683258922252
927,6.488517001845683,4.619575384364225
928,6.529883850764222,4.607523587745145
929,6.570642362807289,4.595531890395244
930,6.61080556006153,4.583604200216351
931,6.650386312018938,4.571744312155569
932,6.68939733123606,4.55995590876868
933,6.727851169343943,4.548242560871982
934,6.765760213395147,4.5366077282750386
935,6.803136682536499,4.525054760591885
936,6.839992624997814,4.513586898126093
937,6.876339915383083,4.502207272823398
938,6.912190252255063,4.490918909290898
939,6.9475551560013,4.479724725875886
940,6.982445966970233,4.468627535802056
941,7.016873843867906,4.4576300483590465
942,7.050849762404357,4.446734870140501
943,7.084384514177597,4.435944506328531
944,7.117488705788301,4.425261362019714
945,7.1501727581721335,4.4146877435906715
946,7.182446906141462,4.404225860098118
947,7.214321198126864,4.393877824712252
948,7.245805496107857,4.383645656178622
949,7.276909475725674,4.373531280306521
950,7.307642626566816,4.363536531481125
951,7.3380142526110275,4.353663154196299
952,7.368033472832694,4.3439128046048445
953,7.39770922194988,4.334287052085632
954,7.427050251311174,4.324787380822698
955,7.456065129912947,4.315415191395784
956,7.484762245540143,4.3061718023798266
957,7.513149806022413,4.2970584519505834
958,7.541235840599071,4.288076299494735
959,7.569028201385134,4.279226427223217
960,7.596534564932913,4.270509841784739
961,7.623762433881824,4.26192747587891
962,7.650719138690551,4.253480189866382
963,7.677411839445624,4.245168773375453
964,7.703847527740441,4.2369939469021425
965,7.730033028619092,4.22895636340445
966,7.755975002580087,4.221056609887375
967,7.781679947634473,4.213295208978909
968,7.807154201412992,4.205672620495488
969,7.832403943318412,4.198189242994664
970,7.857435196718262,4.190845415316424
971,7.882253831172562,4.183641418109582
972,7.906865564694341,4.176577475344134
973,7.931275966036642,4.169653755807916
974,7.955490457004291,4.162870374586953
975,7.979514314785361,4.156227394529161
976,8.00335267429946,4.149724827690017
977,8.02701053056007,4.143362636760624
978,8.050492741045792,4.137140736476178
979,8.07380402808056,4.131058995006209
980,8.096948981217094,4.125117235324198
981,8.119932059622766,4.119315236557889
982,8.14275759446449,4.11365273531845
983,8.16542979129029,4.108129427009469
984,8.187952732405993,4.102744967114368
985,8.21033037924396,4.097498972463108
986,8.232566574721623,4.092391022476915
987,8.254665045590071,4.087420660391743
988,8.276629404767727,4.082587394459483
989,8.298463153660165,4.077890699127841
990,8.320169684462538,4.073330016197825
991,8.34175228244547,4.068904755959264
992,8.363214128219337,4.0646142983045905
993,8.38455829998065,4.060457993820517
994,8.405787775734346,4.056435164857225
995,8.426905435494497,4.0525451065763995
996,8.447914063461306,4.048787087976921
997,8.468816350172478,4.045160352898627
998,8.489614894629543,4.041664121005138
999,8.510312206398027,4.038297588744239
1000,8.530910707680109,4.035059930287711
1001,8.551412735360087,4.031950298449233
1002,8.571820543020802,4.02896782558177
1003,8.59213630293284,4.026111624453939
1004,8.612362108013233,4.023380789105632
1005,8.632499973754623,4.020774395683327
1006,8.652551840126035,4.018291503255205
1007,8.67251957344194,4.015931154605976
1008,8.69240496820166,4.013692377012428
1009,8.71220974889819,4.0115741829992775
1010,8.731935571796331,4.009575571075876
1011,8.751584026680199,4.007695526453455
1012,8.771156638569781,4.005933021744554
1013,8.79065486940651,4.0042870176433984
1014,8.810080119708159,4.002756463588435
1015,8.82943373019304,4.001340298406419
1016,8.848716983373711,4.000037450940344
1017,8.86793110511936,3.9988468406580133
1018,8.887077266188404,3.9977673782455594
1019,8.906156583730695,3.996797966183494
1020,8.925170122759262,3.995937499305914
1021,8.944118897592617,3.9951848653444166
1022,8.963003873266944,3.994538945455776
1023,8.981825966919153,3.9939986147343203
1024,9.000586049140352,3.9935627427087654
1025,9.019284945301493,3.993230193824811
1026,9.03792343684854,3.99299982791224
1027,9.05650226257129,3.9928705006385674
1028,9.075022119842878,3.9928410639484464
1029,9.093483665832165,3.9929103664886254
1030,9.111887518688906,3.993077254020807
1031,9.130234258701677,3.9933405698202455
1032,9.148524429429207,3.993699155061868
1033,9.166758538805794,3.9941518491943504
1034,9.184937060220754,3.99469749030093
1035,9.203060433571832,3.9953349154490434
1036,9.221129066294592,3.996062961028021
1037,9.239143334365941,3.996880463075038
1038,9.257103583284435,3.997786257590502
1039,9.275010129025656,3.9987791808417104
1040,9.292863258975164,3.9998580696567694
1041,9.310663232836848,4.00102176170747
1042,9.328410283520443,4.002269095782312
1043,9.346104618004878,4.003598912049769
1044,9.363746418181245,4.005010052311474
1045,9.381335841673025,4.006501360246894
1046,9.398873022636245,4.008071681647793
1047,9.416358072538223,4.009719864644581
1048,9.433791080916405,4.011444759924051
1049,9.451172116116942,4.013245220938016
1050,9.468501226013958,4.015120104104449
1051,9.485778438709733,4.017068268999815
1052,9.503003763216151,4.019088578545204
1053,9.520177190118002,4.021179899183048
1054,9.537298692217467,4.023341101047745
1055,9.554368225161904,4.025571058128644
1056,9.571385728054537,4.027868648426384
1057,9.588351124047264,4.030232754102084
1058,9.605264320918167,4.032662261620891
1059,9.622125211632053,4.03515606188785
1060,9.638933674885822,4.037713050379023
1061,9.655689575638075,4.040332127265463
1062,9.672392765623878,4.043012197532292
1063,9.689043083854735,4.04575217109159
1064,9.705640357104356,4.048550962890078
1065,9.722184400380005,4.051407493011514
1066,9.738675017380892,4.054320686773999
1067,9.755112000942152,4.057289474822056
1068,9.771495133466777,4.060312793214237
1069,9.787824187344334,4.063389583506206
1070,9.804098925356968,4.066518792828607
1071,9.82031910107413,4.069699373961721
1072,9.83648445923473,4.072930285404436
1073,9.852594736117862,4.076210491440758
1074,9.868649659902674,4.079538962201073
1075,9.884648951016704,4.0829146737204125
1076,9.90059232247418,4.086336607992565
1077,9.916479480203602,4.089803753020915
1078,9.93231012336472,4.0933151028658425
1079,9.948083944656526,4.096869657688643
1080,9.963800630615015,4.100466423792334
1081,9.979459861901288,4.104104413659491
1082,9.995061313581617,4.107782645986892
1083,10.01060465539755,4.111500145717691
1084,10.026089552027626,4.11525594406998
1085,10.04151566334106,4.119049078564011
1086,10.05688264464288,4.122878593045689
1087,10.072190146910922,4.126743537708196
1088,10.08743781702553,4.130642969110908
1089,10.10262529799157,4.134575950196434
1090,10.117752229152611,4.138541550305093
1091,10.132818246398365,4.1425388451875405
1092,10.147822982365746,4.146566917015079
1093,10.162766066631566,4.150624854388534
1094,10.177647125900604,4.154711752344701
1095,10.192465784185874,4.1588267123614555
1096,10.207221662983299,4.162968842360653
1097,10.22191438144008,4.167137256709991
1098,10.23654355651749,4.171331076222949
1099,10.251108803147666,4.175549428157095
1100,10.265609734385261,4.179791446211393
1101,10.280045961553132,4.184056270521763
1102,10.294417094383661,4.188343047655437
1103,10.308722741153764,4.192650930604137
1104,10.322962508816719,4.196979078776184
1105,10.337136003127016,4.201326657986951
1106,10.351242828763029,4.2056928404487515
1107,10.365282589442767,4.21007680475988
1108,10.379254888037078,4.214477735891763
1109,10.393159326677878,4.2188948251760285
1110,10.406995506861845,4.223327270290597
1111,10.420763029551317,4.227774275244576
1112,10.434461495269915,4.232235050362696
1113,10.44809050419515,4.2367088122686525
1114,10.461649656247918,4.241194783868335
1115,10.475138551177011,4.2456921943318315
1116,10.488556788641485,4.250200279075052
1117,10.501903968288829,4.254718279740782
1118,10.515179689830916,4.259245444179093
1119,10.528383553115575,4.2637810264276235
1120,10.541515158196155,4.268324286690659
1121,10.55457410539735,4.272874491318439
1122,10.567559995378895,4.2774309127859675
1123,10.580472429196062,4.281992829670923
1124,10.593311008357386,4.286559526632018
1125,10.606075334880288,4.291130294386438
1126,10.618765011343433,4.295704429686908
1127,10.631379640937391,4.300281235299561
1128,10.643918827512485,4.304860019980013
1129,10.65638217562438,4.309440098450562
1130,10.668769290577613,4.314020791376302
1131,10.681079778466883,4.318601425341637
1132,10.693313246216412,4.32318133282652
1133,10.705469301616665,4.327759852182327
1134,10.71754755335971,4.332336327607952
1135,10.729547611072897,4.336910109125638
1136,10.74146908535,4.341480552557095
1137,10.753311587780901,4.346047019498944
1138,10.76507473097962,4.350608877298775
1139,10.77675812861067,4.355165499030919
1140,10.788361395413451,4.359716263472227
1141,10.799884147225635,4.3642605550779985
1142,10.811326001004408,4.368797763957668
1143,10.822686574847108,4.373327285851326
1144,10.833965488009142,4.377848522105114
1145,10.845162360921883,4.382360879647927
1146,10.856276815207991,4.38686377096744
1147,10.867308473697072,4.3913566140864955
1148,10.87825696043762,4.395838832539718
1149,10.889121900710414,4.400309855350105
1150,10.899902921039008,4.404769117006004
1151,10.91059964919894,4.409216057437693
1152,10.921211714227622,4.4136501219951905
1153,10.931738746431108,4.418070761425223
1154,10.942180377391171,4.422477431848865
1155,10.952536239970287,4.426869594739122
1156,10.962805968316705,4.4312467168993726
1157,10.97298919786798,4.435608270441167
1158,10.983085565353576,4.439953732762904
1159,10.993094708796715,4.444282586528239
1160,11.003016267515354,4.4485943196454905
1161,11.012849882122278,4.452888425246369
1162,11.022595194524513,4.457164401665743
1163,11.0322518479212,4.461421752421149
1164,11.041819486802392,4.465659986192941
1165,11.051297756945011,4.4698786168044595
1166,11.060686305409543,4.474077163202778
1167,11.069984780535382,4.478255149439251
1168,11.079192831935963,4.482412104650989
1169,11.088310110492426,4.4865475630421185
1170,11.097336268347986,4.490661063865614
1171,11.106270958899765,4.494752151405465
1172,11.115113836791817,4.498820374958889
1173,11.123864557906632,4.502865288819111
1174,11.13252277935608,4.50688645225841
1175,11.141088159472245,4.510883429511686
1176,11.149560357796892,4.514855789759588
1177,11.157939035071427,4.518803107113234
1178,11.166223853225679,4.5227249605979996
1179,11.174414475365925,4.526620934138593
1180,11.182510565763472,4.530490616543949
1181,11.190511789841535,4.534333601492585
1182,11.19841781416269,4.538149487518405
1183,11.206228306414651,4.541937877996808
1184,11.213942935396915,4.545698381130886
1185,11.221561371006224,4.549430609938491
1186,11.229083284221504,4.553134182239333
1187,11.236508347089051,4.556808720642277
1188,11.243836232706386,4.560453852533415
1189,11.251066615206375,4.56406921006424
1190,11.25819916974106,4.5676544301399895
1191,11.265233572464348,4.571209154408939
1192,11.272169500514977,4.574733029251215
1193,11.279006631998934,4.5782257057690945
1194,11.285744645971555,4.581686839776423
1195,11.292383222419135,4.585116091789311
1196,11.298922042240273,4.5885131270168396
1197,11.305360787226794,4.5918776153521
1198,11.311699140044793,4.595209231363687
1199,11.31793678421418,4.598507654287646
1200,11.3240734040896,4.601772568019395
1201,11.330108684839363,4.6050036611065766
1202,11.336042312425402,4.608200626741935
1203,11.341873973581967,4.611363162756497
1204,11.347603355794478,4.6144909716133355
1205,11.353230147278293,4.617583760401545
1206,11.358754036956391,4.620641240830533
1207,11.364174714437715,4.623663129225015
1208,11.369491869994368,4.626649146519896
1209,11.374705194539315,4.6295990182555755
1210,11.379814379603514,4.63251247457427
1211,11.384819117312379,4.635389250215736
1212,11.389719100362509,4.638229084514058
1213,28.412217109242917,19.20607185647706
1214,26.32094996598977,17.345200144417646
1215,24.400648588768664,15.639449924014956
1216,22.63791148410352,14.077536490391305
1217,21.020530779084627,12.648949547234825
1218,19.537361467016396,11.34390127249527
1219,18.17820737350018,10.15327787395016
1220,16.933721566721527,9.068594393476697
1221,15.795319248335229,8.08195253652734
1222,14.755101431604182,7.186001319563797
1223,13.805787946855162,6.373900343175711
1224,12.940658515760301,5.6392855124058325
1225,12.15350080973686,4.976237038525918
1226,11.438564557640131,4.37924956824802
1227,10.790520897161306,3.843204297196488
1228,10.204426275771983,3.3633429344867753
1229,9.675690303109867,2.935243394522913
1230,9.20004703949142,2.554797100700344
1231,8.773529276585736,2.2181877936439154
1232,8.392445427749822,1.9218717439691035
1233,8.053358698470563,1.662559276379627
1234,7.753068252941363,1.4371975182457075
1235,7.488592132035494,1.2429542916857255
1236,7.257151711688014,1.077203073633215
1237,7.056157519720957,0.9375089534458945
1238,6.883196254085848,0.8216155223298496
1239,6.7360188669234065,0.7274326332415066
1240,6.612529597230992,0.6530249740128884
1241,6.510775850710585,0.5966014002481987
1242,6.428938838903568,0.5565049780802154
1243,6.365324901321279,0.5312036901743813
1244,6.318357444222055,0.5192817614429686
1245,6.286569438201575,0.5194315637982099
1246,6.2685964240580185,0.5304460619465523
1247,6.263169982640727,0.5512117647198673
1248,6.269111629742009,0.5807021487663233
1249,6.285327101676778,0.6179715235950258
1250,6.310801001126,0.6621493089962014
1251,6.344591776191844,0.7124346977510116
1252,6.3858270085102165,0.7680916783133167
1253,6.433698988758413,0.828444393796504
1254,6.4874605600434645,0.8928728151412813
1255,6.5464212115121,0.9608087077814598
1256,6.609943406130295,1.0317318724717883
1257,6.67743912797538,1.105166642200388
1258,6.748366635602406,1.1806786182853846
1259,6.822227409109788,1.2578716298546366
1260,6.898563279467551,1.3363849019363263
1261,6.976953729498827,1.4158904183494103
1262,7.057013356639379,1.4960904664816486
1263,7.13838948825717,1.5767153518839665
1264,7.22075994090309,1.6575212713958716
1265,7.303830915395777,1.738288334251819
1266,7.3873350201274866,1.8188187213063105
1267,7.471029415418748,1.8989349731582053
1268,7.5546940721554545,1.9784783985565277
1269,7.638130138316058,2.0573075950326905
1270,7.721158407343863,2.1352970742300927
1271,7.803617882642849,2.2123359848948088
1272,7.885364432776798,2.288326926950486
1273,7.966269532237092,2.3631848505124426
1274,8.046219082911357,2.4368360340982544
1275,8.12511231163628,2.5092171366684584
1276,8.202860739458313,2.580274318484136
1277,8.279387218453113,2.6499624260979653
1278,8.354625032166613,2.718244237102386
1279,8.428517055949078,2.785089760548503
1280,8.501014973645422,2.8504755892178775
1281,8.572078547292243,2.9143843001823515
1282,8.641674936646968,2.9768039003221416
1283,8.709778065545535,3.037727313694056
1284,8.776368032243518,3.0971519078471457
1285,8.841430561049787,3.155079056376249
1286,8.904956492707893,3.211513735184544
1287,8.96694131111909,3.2664641500943628
1288,9.027384704134075,3.3199413936035347
1289,9.08629015626679,3.371959128731987
1290,9.143664571303445,3.422533298040771
1291,9.199517922894781,3.4716818560345653
1292,9.25386293132922,3.519424523279719
1293,-250.52078122908176,1.3568705550574105
1294,-224.1172660165299,1.28323518780967
1295,-200.090505671624,0.8525873954940435
1296,-178.17166266228332,0.1974052342423871
1297,-158.12879366671817,-0.5785212776382878
1298,-139.76171505379162,-1.395352355245338
1299,-122.89750218300104,-2.1930854703951255
1300,-107.38657842363861,-2.928023147753538
1301,-93.0993344177676,-3.5697614217366525
1302,-79.92321462092659,-4.098635100709217
1303,-67.7602109540353,-4.503558776386188
1304,-56.524709101590204,-4.780208334649229
1305,-46.14163963414671,-4.929494537521378
1306,-36.54489265763049,-4.956286954269638
1307,-27.67596059007404,-4.86835259242293
1308,-19.482778753479433,-4.6754788219694
1309,-11.91873773854831,-4.388754588314362
1310,-4.941845035132623,-4.019987553890724
1311,1.4859836620035018,-3.581237813065192
1312,7.399520643558631,-3.0844513134265696
1313,12.830725013435613,-2.5411782005018795
1314,17.80915756274682,-1.9623630758912203
1315,22.36232359317985,-1.3581956943798001
1316,26.51595426026372,-0.7380119789948507
1317,30.294235809733024,-0.1102364438368415
1318,33.71999499216399,0.5176417899754684
1319,36.814847945473595,1.1390662018340798
1320,39.59931892129194,1.7483892072975031
1321,42.092934393386784,2.340832693772014
1322,44.3142973205188,2.912437070245984
1323,46.28114563993587,3.4600024592063985
1324,48.01039843921376,3.981025042552816
1325,49.518192691279665,4.473631024177005
1326,50.81991293780685,4.936510187151454
1327,51.93021586681781,5.3688505999459935
1328,52.86305134785353,5.770275660075471
1329,53.631681158578,6.140784350963289
1330,54.248696355992585,6.480695324171271
1331,54.72603400909935,6.7905951998940495
1332,55.074993813393604,7.071291299096942
1333,55.30625494650823,7.323768876288245
1334,55.42989339434417,7.5491528082201995
1335,55.45539987398246,7.748673606594814
1336,55.3916983997309,7.923637558191873
1337,55.247165478272265,8.07540075014164
1338,55.02964987483958,8.20534670808565
1339,54.74649286178458,8.314867357817988
1340,54.404548841295984,8.40534701412995
1341,54.010206223160466,8.478149101789763
1342,53.56940843445246,8.534605320984587
1343,53.08767493926847,8.57600698153409
1344,52.5701221517447,8.603598245419166
1345,52.02148413348522,8.618571034554563
1346,51.44613297627196,8.622061379380673
1347,50.848098781787414,8.615147003044674
1348,50.23108916147319,8.598845955130395
1349,49.598508191123656,8.574116127657241
1350,48.95347476603142,8.541855504086904
1351,48.29884031320839,8.50290300913286
1352,47.63720582723674,8.45803984311601
1353,46.97093820553479,8.407991199362407
1354,46.30218586719867,8.353428276659894
1355,45.63289364707137,8.294970511076937
1356,44.964816963298155,8.23318796252548
1357,44.29953526238104,8.16860380136842
1358,43.63846475067888,8.101696849191034
1359,42.982870425471795,8.032904135647446
1360,42.33387742217215,7.962623440132392
1361,41.692481697082215,7.891215792995068
1362,41.059560067334594,7.819007916184143
1363,40.435879631366745,7.746294587668052
1364,39.822106594535754,7.673340917786925
1365,39.218814525330856,7.600384528930788
1366,38.62649206814352,7.527637632669901
1367,38.04555013875657,7.455289000746599
1368,37.47632862866048,7.383505828229856
1369,36.91910264403961,7.31243548868491
1370,36.374088304825975,7.2422071824649725
1371,35.841448128632365,7.172933480233035
1372,35.32129602367389,7.104711764604481
1373,34.81370191399561,7.037625573397992
1374,34.318696019465634,6.971745848422682
1375,33.836272812086236,6.907132094037599
1376,33.36639466923792,6.843833449918383
1377,32.908995243514994,6.781889682573406
1378,32.46398256785084,6.721332100185682
1379,32.031241913671906,6.6621843953299535
1380,31.61063841887519,6.604463420040357
1381,31.202019501495776,6.54817989759232
1382,30.805217074027727,6.493339075221764
1383,30.420049572485674,6.439941321843195
1384,30.046323813449263,6.387982674651452
1385,29.683836691520504,6.337455338305137
1386,29.332376728846125,6.28834814019741
1387,28.991725487614943,6.240646945125107
1388,28.66165885573374,6.194335032473076
1389,28.34194821521415,6.1493934388391605
1390,28.032361502168058,6.1058012688383805
1391,27.73266416670814,6.0635359766437364
1392,27.442620040483984,6.0225736206467255
1393,27.16199211905038,5.982889093453885
1394,26.89054326576249,5.944456329276617
1395,26.628036843421782,5.907248490621212
1396,26.37423727945418,5.871238136043255
1397,26.128910569988285,5.836397370597091
1398,25.891824727813987,5.802697980484851
1399,25.662750178839595,5.770111553292131
1400,25.441460111327608,5.738609585087327
1401,25.227730781873504,5.708163575559283
1402,25.02134178179769,5.678745112272602
1403,24.82207626734646,5.650325945031598
1404,24.62972115684271,5.622878051261881
1405,24.44406729768929,5.596373693242742
1406,24.264909605907064,5.57078546795346
1407,24.09204718068421,5.546086350231884
1408,23.925283396222596,5.522249729884128
1409,23.764425972989685,5.499249443329164
1410,23.6092870303199,5.477059800311661
1411,23.45968312215696,5.455655606169908
1412,23.3154352575868,5.4350121801030475
1413,23.176368907679667,5.41510536984259
1414,23.04231400003824,5.395911563097337
1415,22.913104902335952,5.377407696107908
1416,22.788580396025278,5.359571259616846
1417,22.668583641299183,5.342380302532725
1418,22.55296213429942,5.325813433541377
1419,22.441567657482683,5.309849820894251
1420,22.334256223979025,5.294469190582785
1421,22.230888016706313,5.279651823088353
1422,22.131327322938873,5.265378548879713
1423,22.035442464968344,5.251630742813779
1424,21.943105727438653,5.2383903175808095
1425,21.854193281885692,5.225639716321723
1426,21.768585108964636,5.2133619045329604
1427,21.686164918803946,5.201540361363207
1428,21.606820069884655,5.190159070396048
1429,21.530441486806243,5.179202510003408
1430,21.456923577265965,5.168655643346154
1431,21.386164148546897,5.158503908090524
1432,21.318064323780742,5.148733205902071
1433,21.252528458224788,5.139329891772405
1434,21.189464055767385,5.130280763228231
1435,21.128781685854182,5.121573049466888
1436,21.07039490100588,5.113194400457795
1437,21.01422015507981,5.105132876044856
1438,20.96017672240957,5.097376935080909
1439,20.908186617941233,5.089915424621703
1440,20.85817451846973,5.082737569203613
1441,20.81006768506562,5.0758329602263705
1442,20.763795886770158,5.069191545459367
1443,20.719291325625257,5.062803618687651
1444,20.676488563094743,5.05665980951161
1445,20.635324447923935,5.050751073312216
1446,20.595738045476,5.0450686813920145
1447,20.557670568575997,5.039604211300382
1448,20.521065309886207,5.034349537350066
1449,20.485867575830245,5.02929682133076
1450,20.452024622077577,5.024438503424276
1451,20.419485590594913,5.019767293324721
1452,20.38820144826617,5.015276161566267
1453,20.35812492707869,5.010958331060105
1454,20.329210465869412,5.006807268841509
1455,20.301414153621526,5.0028166780272
1456,20.27469367429894,4.998980489982595
1457,20.249008253203517,4.995292856698004
1458,20.22431860483727,4.991748143372359
1459,20.200586882250175,4.988340921202594
1460,20.17777662785191,4.9850659603765095
1461,20.155852725664733,4.9819182232665336
1462,20.134781354993006,4.978892857821606
1463,20.114529945483987,4.975985191154083
1464,20.095067133553393,4.973190723318432
1465,20.07636272014853,4.970505121278246
1466,20.05838762982102,4.9679242130580095
1467,20.04111387108082,4.965443982075886
1468,20.024514498002684,4.96306056165374
1469,20.008563573055984,4.960770229700487
1470,19.99323613112878,4.958569403564864
1471,19.978508144716667,4.956454635053585
1472,19.964356490247212,4.954422605610938
1473,19.950758915510686,4.952470121655754
1474,19.93769400816805,4.950594110071746
1475,19.92514116530729,4.94879161384723
1476,19.913080564019477,4.947059787860198
1477,19.901493132966227,4.94539589480484
1478,19.890360524910648,4.943797301255551
1479,19.879665090184048,4.942261473864569
1480,19.869389851061392,4.940785975689417
1481,19.8595184770186,4.939368462646375
1482,19.850035260845566,4.938006680086261
1483,19.84092509558895,4.936698459488888
1484,19.832173452299617,4.935441715272604
1485,19.823766358559748,4.9342344417154
1486,19.815690377765577,4.933074709984135
1487,19.807932589141842,4.931960665268523
1488,19.800480568464923,4.930890524016567
1489,19.79332236947189,4.929862571268225
1490,19.786446505933515,4.928875158084157
1491,19.779841934369543,4.927926699066485
1492,19.773498037385377,4.927015669968562
1493,19.767404607609585,4.926140605390844
1494,19.761551832212447,4.925300096560005
1495,19.755930277986035,4.924492789188545
1496,19.7505308769671,4.923717381412175
1497,19.745344912584372,4.922972621802397
1498,19.740364006312486,4.922257307451684
1499,19.735580104815302,4.921570282128834
1500,19.730985467561737,4.920910434502073
1501,19.726572654897932,4.920276696427573
1502,19.7223345165599,4.919668041301146
1503,19.71826418061128,4.91908348247089
1504,19.714355042791475,4.9185220717086855
1505,19.710600756259673,4.917982897738476
1506,19.706995221720852,4.917465084819313
1507,19.703532577920196,4.916967791381275
1508,19.70020719249301,4.916490208712333
1509,19.697013653157256,4.916031559694402
1510,19.69394675923663,4.915591097586776
1511,19.691001513502254,4.9151681048552875
1512,19.68817311432154,4.914761892045516
1513,19.68545694810312,4.914371796698482
1514,19.682848582027134,4.913997182307276
1515,19.680343757050586,4.913637437313143
1516,19.677938381177604,4.913291974139579
1517,19.675628522985075,4.912960228263067
1518,19.67341040539426,4.912641657319105
1519,19.671280399679343,4.912335740242224
1520,19.669235019704214,4.912041976438761
1521,19.667270916379103,4.911759884991178
1522,19.665384872328907,4.911489003892744
1523,19.66357379676535,4.911228889311483
1524,19.66183472055548,4.910979114882288
1525,19.66016479147917,4.910739271026144
1526,19.658561269668503,4.910508964295481
1527,19.65702152322242,4.910287816744648
1528,19.655543023989907,4.910075465324587
1529,19.654123343515497,4.909871561300802
1530,19.652760149140974,4.909675769693746
1531,19.651451200257412,4.90948776874077
1532,19.65019434470186,4.909307249378844
1533,19.648987515293243,4.90913391474726
1534,19.64782872650223,4.908967479709543
1535,19.64671607124994,4.908807670393882
1536,19.645647717830688,4.908654223751332
1537,19.64462190695398,4.9085068871311615
1538,19.643636948901285,4.908365417872651
1539,19.642691220793203,4.90822958291275
1540,19.641783163962803,4.908099158408963
1541,19.640911281431055,4.907973929376908
1542,19.640074135480596,4.9078536893419535
1543,19.63927034532384,4.907738240004447
1544,19.63849858486204,4.907627390917954
1545,19.63775758053168,4.907520959180057
1546,19.637046109234888,4.90741876913521
1547,19.63636299635063,4.907320652089189
1548,19.635707113823646,4.9072264460346995
1549,19.635077378328003,4.907135995387696
1550,19.63447274950251,4.907049150734019
1551,19.633892228255174,4.906965768585946
1552,19.633334855134013,4.906885711148261
1553,19.63279970876172,4.906808846093498
1554,19.632285904331667,4.906735046345978
1555,19.63179259216282,4.906664189874326
1556,19.631318956311453,4.906596159492114
1557,19.63086421323726,4.906530842666335
1558,19.630427610521867,4.906468131333392
1559,19.63000842563773,4.9064079217223195
1560,19.629605964765346,4.90635011418494
1561,19.629219561657035,4.906294613032715
1562,19.62884857654536,4.906241326379995
1563,19.62849239509454,4.906190165993449
1564,19.62815042739315,4.906141047147413
1565,19.62782210698644,4.906093888484942
1566,19.62750688994682,4.906048611884322
1567,19.627204253980995,4.906005142330863
1568,19.626913697572228,4.905963407793722
1569,19.62663473915652,4.905923339107601
1570,19.62636691633123,4.905884869859107
1571,19.626109785094954,4.905847936277588
1572,19.625862919117413,4.905812477130298
1573,19.62562590903818,4.905778433621673
1574,19.625398361793064,4.905745749296612
1575,19.625179899967186,4.905714369947567
1576,19.624970161173575,4.905684243525302
1577,19.624768797456333,4.905655320053192
1578,19.624575474717453,4.905627551544897
1579,19.624389872166244,4.9056008919253005
1580,19.62421168179059,4.90557529695458
1581,19.624040607849135,4.905550724155269
1582,19.62387636638355,4.905527132742223
1583,19.623718684750123,4.905504483555345
1584,19.623567301169928,4.905482738994981
1585,19.623421964296767,4.905461862959879
1586,19.623282432802302,4.9054418207876
1587,19.623148474977548,4.905422579197287
1588,19.623019868350244,4.9054041062347205
1589,19.622896399317344,4.905386371219526
1590,19.62277786279212,4.905369344694506
1591,19.622664061865212,4.905352998376952
1592,19.622554807479233,4.90533730511191
1593,19.622449918116136,4.905322238827292
1594,19.622349219497135,4.9053077744907645
1595,19.622252544294444,4.905293888068358
1596,19.62215973185452,4.905280556484715
1597,19.622070627932253,4.905267757584919
1598,19.62198508443575,4.905255470097832
1599,19.62190295918123,4.905243673600901
1600,19.621824115657684,4.905232348486352
1601,19.62174842280088,4.905221475928731
1602,19.62167575477633,4.90521103785374
1603,19.621605990770906,4.905201016908302
1604,19.621539014792756,4.905191396431826
1605,19.62147471547913,4.905182160428605
1606,19.6214129859119,4.905173293541322
1607,19.621353723440365,4.905164781025601
1608,19.621296829511163,4.905156608725573
1609,19.621242209504917,4.905148763050421
1610,19.621189772579367,4.905141230951843
1611,19.621139431518777,4.905133999902428
1612,19.621091102589332,4.905127057874882
1613,19.621044705400255,4.90512039332209
1614,19.621000162770493,4.905113995157954
1615,19.62095740060071,4.905107852739022
1616,19.620916347750345,4.90510195584682
1617,19.620876935919604,4.905096294670902
1618,19.620839099536102,4.905090859792584
1619,19.620802775646094,4.905085642169298
1620,19.620767903809963,4.905080633119601
1621,19.62073442600192,4.905075824308757
1622,19.62070228651369,4.90507120773491
1623,19.620671431862014,4.905066775715791
1624,19.62064181069988,4.905062520875976
1625,19.62061337373125,4.905058436134636
1626,19.62058607362918,4.905054514693776
1627,19.6205598649573,4.905050750026949
1628,19.62053470409426,4.90504713586842
1629,19.620510549161352,4.9050436662027534
1630,19.62048735995289,4.90504033525483
1631,19.620465097869456,4.905037137480242
1632,19.62044372585376,4.9050340675560955
1633,19.620423208329075,4.905031120372154
1634,19.62040351114012,4.905028291022359
1635,19.62038460149628,4.905025574796667
1636,19.620366447917167,4.905022967173235
1637,19.62034902018026,4.905020463810896
1638,19.62033228927068,4.905018060541943
1639,19.620316227332975,4.905015753365213
1640,19.620300807624798,4.905013538439423
1641,19.62028600447247,4.905011412076796
1642,19.620271793228287,4.90500937073692
1643,19.620258150229553,4.905007411020872
1644,19.620245052759216,4.905005529665557
1645,19.620232479008116,4.90500372353829
1646,19.620220408038705,4.905001989631586
1647,19.620208819750243,4.905000325058155
1648,19.620197694845356,4.9049987270461015
1649,19.620187014797953,4.904997192934321
1650,19.620176761822396,4.9049957201680625
1651,19.620166918843942,4.904994306294691
1652,19.620157469470335,4.904992948959602
1653,19.620148397964524,4.904991645902303
1654,19.620139689218487,4.90499039495266
1655,19.62013132872812,4.904989194027279
1656,19.620123302569073,4.90498804112605
1657,19.620115597373626,4.90498693432881
1658,19.6201082003084,4.904985871792154
1659,19.620101099053034,4.904984851746362
1660,19.620094281779686,4.9049838724924655
1661,19.620087737133332,4.904982932399409
1662,19.620081454212894,4.90498202990134
1663,19.620075422553086,4.904981163495005
1664,19.620069632106983,4.904980331737248
1665,19.620064073229337,4.904979533242604
1666,19.620058736660496,4.904978766680999
1667,19.620053613511004,4.904978030775533
1668,19.620048695246794,4.904977324300355
1669,19.620043973675006,4.904976646078626
1670,19.620039440930324,4.904975994980554
1671,19.620035089461897,4.9049753699215195
1672,19.620030912020773,4.904974769860264
1673,19.620026901647826,4.904974193797166
1674,19.620023051662166,4.904973640772565
1675,19.620019355650037,4.904973109865173
1676,19.620015807454106,4.904972600190539
1677,19.62001240116325,4.904972110899573
1678,19.620009131102684,4.904971641177135
1679,19.62000599182454,4.90497119024068
1680,19.62000297809876,4.904970757338949
1681,19.620000084904426,4.904970341750725
1682,19.619997307421386,4.9049699427836275
1683,19.619994641022206,4.904969559772962
1684,19.619992081264506,4.90496919208061
1685,19.619989623883534,4.904968839093974
1686,19.619987264785063,4.904968500224948
1687,19.619985000038593,4.904968174908942
1688,19.619982825870792,4.904967862603946
1689,19.61998073865921,4.904967562789621
1690,19.61997873492625,4.904967274966435
1691,19.61997681133339,4.904966998654832
1692,19.6199749646756,4.904966733394433
1693,19.619973191876014,4.904966478743269
1694,19.61997148998081,4.904966234277045
1695,19.619969856154295,4.9049659995884305
1696,19.619968287674162,4.904965774286388
1697,19.61996678192697,4.9049655579955145
1698,19.6199653364038,4.904965350355421
1699,19.619963948696054,4.904965151020129
1700,19.619962616491456,4.904964959657496
1701,19.619961337570206,4.904964775948665
1702,19.619960109801273,4.904964599587525
1703,19.619958931138846,4.904964430280212
1704,19.61995779961893,4.90496426774461
1705,19.61995671335608,4.904964111709888
1706,19.619955670540236,4.904963961916044
1707,19.619954669433742,4.904963818113476
1708,19.61995370836843,4.904963680062562
1709,19.619952785742846,4.904963547533263
1710,19.619951900019576,4.904963420304742
1711,19.619951049722708,4.904963298164993
1712,19.61995023343533,4.904963180910487
1713,19.619949449797218,4.904963068345836
1714,19.619948697502547,4.904962960283466
1715,19.619947975297702,4.904962856543306
1716,19.619947281979208,4.904962756952485
1717,19.619946616391736,4.904962661345045
1718,19.61994597742615,4.904962569561667
1719,19.619945364017667,4.904962481449405
1720,19.61994477514411,4.904962396861426
1721,19.619944209824165,4.904962315656772
1722,19.619943667115766,4.904962237700123
1723,19.619943146114537,4.904962162861568
1724,19.619942645952264,4.904962091016397
1725,19.61994216579545,4.904962022044883
1726,19.61994170484395,4.904961955832088
1727,19.619941262329604,4.904961892267675
1728,19.619940837514985,4.904961831245714
1729,19.619940429692157,4.904961772664515
1730,19.6199400381815,4.904961716426456
1731,19.619939662330566,4.9049616624378185
1732,19.61993930151302,4.9049616106086305
1733,19.619938955127562,4.904961560852521
1734,19.619938622596948,4.9049615130865725
1735,19.619938303367014,4.904961467231183
1736,19.61993799690578,4.904961423209935
1737,19.61993770270252,4.904961380949468
1738,19.619937420266943,4.904961340379354
1739,19.61993714912838,4.904961301431985
1740,19.61993688883496,4.904961264042454
1741,19.619936638952918,4.904961228148451
1742,19.61993639906581,4.904961193690157
1743,19.619936168773865,4.904961160610149
1744,19.619935947693296,4.904961128853298
1745,19.61993573545567,4.9049610983666785
1746,19.619935531707284,4.904961069099486
1747,19.619935336108583,4.904961041002944
1748,19.6199351483336,4.90496101403023
1749,19.619934968069398,4.904960988136394
1750,19.619934795015556,4.90496096327828
1751,19.619934628883676,4.904960939414464
1752,19.619934469396892,4.904960916505173
1753,19.619934316289413,4.904960894512231
1754,19.619934169306074,4.904960873398982
1755,19.619934028201918,4.904960853130242
1756,19.61993389274179,4.904960833672231
1757,19.61993376269994,4.9049608149925215
1758,19.61993363785964,4.9049607970599824
1759,19.619933518012836,4.904960779844728
1760,19.6199334029598,4.904960763318069
1761,19.61993329250878,4.904960747452462
1762,19.61993318647571,4.904960732221464
1763,19.619933084683872,4.904960717599694
1764,19.61993298696363,4.904960703562782
1765,19.619932893152114,4.904960690087337
1766,19.619932803092986,4.904960677150897
1767,19.61993271663616,4.904960664731905
1768,19.61993263363754,4.904960652809665
1769,19.619932553958805,4.904960641364304
1770,19.61993247746716,4.904960630376749
1771,19.61993240403513,4.904960619828691
1772,19.619932333540334,4.904960609702546
1773,19.61993226586528,4.9049605999814405
1774,19.61993220089719,4.904960590649173
1775,19.61993213852778,4.90496058169019
1776,19.619932078653108,4.904960573089562
1777,19.619932021173383,4.904960564832952
1778,19.619931965992816,4.904960556906602
1779,19.619931913019443,4.904960549297303
1780,19.619931862164975,4.90496054199237
1781,19.619931813344657,4.90496053497963
1782,19.619931766477123,4.904960528247396
1783,19.61993172148427,4.904960521784449
1784,19.619931678291106,4.904960515580016
1785,19.619931636825648,4.904960509623757
1786,19.619931597018784,4.904960503905746
1787,19.619931558804183,4.904960498416451
1788,19.619931522118147,4.904960493146727
1789,19.61993148689953,4.904960488087789
1790,19.61993145308965,4.904960483231206
1791,19.619931420632142,4.904960478568885
1792,19.619931389472928,4.904960474093054
1793,19.619931359560066,4.904960469796255
1794,19.61993133084371,4.904960465671326
1795,19.619931303275997,4.904960461711393
1796,19.61993127681098,4.904960457909855
1797,19.619931251404555,4.904960454260377
1798,19.619931227014376,4.904960450756877
1799,19.619931203599794,4.904960447393516
1800,19.61993118112179,4.904960444164688
1801,19.619931159542897,4.904960441065013
1802,19.619931138827155,4.904960438089322
1803,19.619931118940034,4.904960435232659
1804,19.61993109984839,4.904960432490261
1805,19.61993108152041,4.904960429857559
1806,19.61993106392554,4.904960427330164
1807,19.619931047034466,4.904960424903863
1808,19.619931030819018,4.9049604225746135
1809,19.619931015252195,4.904960420338535
1810,19.619931000308036,4.904960418191898
1811,19.61993098596164,4.904960416131126
1812,19.619930972189096,4.904960414152783
1813,19.61993095896745,4.904960412253574
1814,19.619930946274668,4.904960410430334
1815,19.619930934089595,4.904960408680022
1816,19.619930922391916,4.904960406999722
1817,19.619930911162147,4.9049604053866345
1818,19.619930900381565,4.90496040383807
1819,19.619930890032204,4.904960402351446
1820,19.619930880096813,4.904960400924289
1821,19.61993087055884,4.904960399554217
1822,19.61993086140238,4.9049603982389485
1823,19.619930852612175,4.904960396976289
1824,19.61993084417358,4.904960395764136
1825,19.619930836072527,4.904960394600469
1826,19.61993082829551,4.904960393483348
1827,19.61993082082958,4.9049603924109135
1828,19.619930813662283,4.9049603913813735
1829,19.619930806781674,4.9049603903930175
1830,19.619930800176288,4.904960389444194
1831,19.619930793835124,4.904960388533324
1832,19.619930787747595,4.904960387658888
1833,19.619930781903573,4.90496038681943
1834,19.61993077629331,4.904960386013549
1835,19.61993077090745,4.904960385239904
1836,19.619930765737035,4.904960384497205
1837,19.61993076077343,4.904960383784212
1838,19.61993075600837,4.904960383099741
1839,19.61993075143391,4.904960382442648
1840,19.619930747042428,4.904960381811838
1841,19.619930742826604,4.904960381206261
1842,19.619930738779413,4.904960380624907
1843,19.61993073489411,4.9049603800668065
1844,19.619930731164217,4.904960379531031
1845,19.61993072758352,4.904960379016685
1846,19.61993072414605,4.9049603785229134
1847,19.61993072084608,4.904960378048893
1848,19.61993071767811,4.9049603775938335
1849,19.61993071463685,4.904960377156975
1850,19.619930711717252,4.904960376737591
1851,19.61993070891443,4.904960376334984
1852,19.619930706223723,4.9049603759484794
1853,19.61993070364064,4.904960375577437
1854,19.619930701160886,4.9049603752212345
1855,19.61993069878032,4.9049603748792805
1856,19.619930696494972,4.904960374551004
1857,19.619930694301047,4.90496037423586
1858,19.61993069219487,4.904960373933322
1859,19.619930690172946,4.904960373642884
1860,19.619930688231893,4.904960373364063
1861,19.619930686368487,4.904960373096396
1862,19.619930684579614,4.904960372839436
1863,19.619930682862297,4.904960372592754
1864,19.61993068121367,4.904960372355939
1865,19.61993067963099,4.904960372128596
1866,19.619930678111622,4.904960371910348
1867,19.61993067665302,4.904960371700829
1868,19.619930675252768,4.9049603714996906
1869,19.619930673908524,4.904960371306599
1870,19.619930672618054,4.90496037112123
1871,19.619930671379194,4.904960370943275
1872,19.619930670189895,4.90496037077244
1873,19.619930669048166,4.904960370608438
1874,19.619930667952104,4.904960370450995
1875,19.619930666899887,4.90496037029985
1876,19.619930665889758,4.904960370154752
1877,19.619930664920034,4.9049603700154565
1878,19.6199306639891,4.904960369881733
1879,19.6199306630954,4.904960369753359
1880,19.619930662237447,4.904960369630119
1881,19.619930661413814,4.90496036951181
1882,19.619930660623133,4.904960369398233
1883,19.619930659864075,4.904960369289198
1884,19.619930659135374,4.904960369184526
1885,19.619930658435823,4.90496036908404
1886,19.61993065776426,4.904960368987574
1887,19.61993065711955,4.904960368894965
1888,19.61993065650064,4.904960368806062
1889,19.61993065590648,4.904960368720714
1890,19.61993065533608,4.904960368638782
1891,19.619930654788508,4.904960368560125
1892,19.61993065426283,4.904960368484615
1893,19.619930653758182,4.904960368412125
1894,19.619930653273723,4.904960368342535
1895,19.61993065280864,4.904960368275729
1896,19.619930652362157,4.904960368211594
1897,19.619930651933537,4.904960368150026
1898,19.619930651522065,4.9049603680909195
1899,19.61993065112705,4.904960368034178
1900,19.61993065074783,4.904960367979705
1901,19.61993065038378,4.904960367927413
1902,19.619930650034295,4.904960367877211
1903,19.61993064969879,4.904960367829017
1904,19.619930649376702,4.904960367782752
1905,19.6199306490675,4.9049603677383375
1906,19.619930648770666,4.904960367695698
1907,19.619930648485703,4.904960367654765
1908,19.619930648212144,4.90496036761547
1909,19.619930647949523,4.904960367577746
1910,19.619930647697405,4.904960367541531
1911,19.619930647455373,4.9049603675067655
1912,19.619930647223025,4.9049603674733895
1913,19.619930646999972,4.904960367441349
1914,19.619930646785836,4.904960367410589
1915,19.619930646580265,4.904960367381061
1916,19.619930646382922,4.904960367352714
1917,19.61993064619347,4.9049603673255
1918,19.6199306460116,4.904960367299375
1919,19.619930645836998,4.904960367274295
1920,19.619930645669385,4.904960367250218
1921,19.619930645508475,4.904960367227105
1922,19.619930645354,4.904960367204915
1923,19.619930645205706,4.904960367183613
1924,19.619930645063345,4.904960367163164
1925,19.619930644926676,4.9049603671435325
1926,19.619930644795474,4.904960367124686
1927,19.61993064466952,4.904960367106594
1928,19.619930644548607,4.904960367089225
1929,19.619930644432525,4.904960367072552
1930,19.61993064432109,4.904960367056544
1931,19.61993064421411,4.904960367041178
1932,19.619930644111413,4.904960367026425
1933,19.619930644012822,4.904960367012262
1934,19.619930643918178,4.904960366998667
1935,19.619930643827313,4.904960366985616
1936,19.619930643740084,4.904960366973087
1937,19.619930643656346,4.904960366961058
1938,19.61993064357596,4.904960366949511
1939,19.619930643498787,4.904960366938425
1940,19.619930643424702,4.904960366927782
1941,19.619930643353577,4.9049603669175665
1942,19.6199306432853,4.904960366907759
1943,19.619930643219753,4.904960366898344
1944,19.619930643156824,4.904960366889305
1945,19.619930643096424,4.904960366880628
1946,19.61993064303843,4.904960366872298
1947,19.61993064298276,4.9049603668643
1948,19.619930642929308,4.904960366856624
1949,19.619930642878003,4.904960366849253
1950,19.61993064282875,4.904960366842179
1951,19.619930642781462,4.904960366835387
1952,19.619930642736072,4.904960366828866
1953,19.619930642692495,4.904960366822607
1954,19.61993064265066,4.904960366816597
1955,19.6199306426105,4.904960366810828
1956,19.619930642571944,4.90496036680529
1957,19.619930642534932,4.904960366799973
1958,19.6199306424994,4.904960366794869
1959,19.61993064246529,4.90496036678997
1960,19.619930642432543,4.904960366785265
1961,19.61993064240111,4.90496036678075
1962,19.619930642370928,4.904960366776415
1963,19.619930642341956,4.904960366772253
1964,19.61993064231414,4.9049603667682575
1965,19.619930642287443,4.904960366764422
1966,19.61993064226181,4.904960366760741
1967,19.6199306422372,4.904960366757207
1968,19.61993064221358,4.904960366753813
1969,19.619930642190905,4.904960366750556
1970,19.619930642169134,4.904960366747428
1971,19.61993064214823,4.904960366744426
1972,19.619930642128168,4.904960366741544
1973,19.619930642108905,4.904960366738778
1974,19.619930642090416,4.904960366736121
1975,19.619930642072664,4.9049603667335715
1976,19.619930642055625,4.904960366731124
1977,19.61993064203926,4.904960366728773
1978,19.619930642023554,4.904960366726518
1979,19.61993064200848,4.904960366724351
1980,19.619930641994006,4.904960366722273
1981,19.619930641980112,4.904960366720277
1982,19.619930641966775,4.9049603667183606
1983,19.619930641953967,4.904960366716521
1984,19.61993064194167,4.904960366714755
1985,19.619930641929873,4.90496036671306
1986,19.61993064191854,4.904960366711433
1987,19.619930641907665,4.9049603667098705
1988,19.619930641897227,4.90496036670837
1989,19.6199306418872,4.9049603667069315
1990,19.61993064187758,4.904960366705549
1991,19.61993064186834,4.904960366704222
1992,19.619930641859472,4.904960366702948
1993,19.61993064185096,4.904960366701725
1994,19.619930641842785,4.904960366700551
1995,19.619930641834937,4.904960366699424
1996,19.61993064182741,4.904960366698342
